Iteration: 0
CA_STATES: -1 -1 -1 -1 -1 -1 -1
-1 0 0 3 0 0 3
-1 0 1 0 0 2 0
-1 0 0 0 0 0 0
-1 0 0 0 1 0 0
-1 2 0 0 0 0 4
-1 0 0 5 0 0 0

CA_ACTIVE_ABS: [[-1, -1, -1, -1, -1, -1, -1], [-1, 1, 2, 3, 4, 5, 6], [-1, 7, 8, 9, 10, 11, 12], [-1, 13, 14, 15, 16, 17, 18], [-1, 19, 20, 21, 22, 23, 24], [-1, 25, 26, 27, 28, 29, 30], [-1, 31, 32, 33, 34, 35, 36]]
CELLS_NEIGHBOURS: [[-1, -1, 2, 8, 7, -1, -1, -1], [-1, -1, 3, 9, 8, 7, 1, -1], [-1, -1, 4, 10, 9, 8, 2, -1], [-1, -1, 5, 11, 10, 9, 3, -1], [-1, -1, 6, 12, 11, 10, 4, -1], [-1, -1, -1, -1, 12, 11, 5, -1], [1, 2, 8, 14, 13, -1, -1, -1], [2, 3, 9, 15, 14, 13, 7, 1], [3, 4, 10, 16, 15, 14, 8, 2], [4, 5, 11, 17, 16, 15, 9, 3], [5, 6, 12, 18, 17, 16, 10, 4], [6, -1, -1, -1, 18, 17, 11, 5], [7, 8, 14, 20, 19, -1, -1, -1], [8, 9, 15, 21, 20, 19, 13, 7], [9, 10, 16, 22, 21, 20, 14, 8], [10, 11, 17, 23, 22, 21, 15, 9], [11, 12, 18, 24, 23, 22, 16, 10], [12, -1, -1, -1, 24, 23, 17, 11], [13, 14, 20, 26, 25, -1, -1, -1], [14, 15, 21, 27, 26, 25, 19, 13], [15, 16, 22, 28, 27, 26, 20, 14], [16, 17, 23, 29, 28, 27, 21, 15], [17, 18, 24, 30, 29, 28, 22, 16], [18, -1, -1, -1, 30, 29, 23, 17], [19, 20, 26, 32, 31, -1, -1, -1], [20, 21, 27, 33, 32, 31, 25, 19], [21, 22, 28, 34, 33, 32, 26, 20], [22, 23, 29, 35, 34, 33, 27, 21], [23, 24, 30, 36, 35, 34, 28, 22], [24, -1, -1, -1, 36, 35, 29, 23], [25, 26, 32, -1, -1, -1, -1, -1], [26, 27, 33, -1, -1, -1, 31, 25], [27, 28, 34, -1, -1, -1, 32, 26], [28, 29, 35, -1, -1, -1, 33, 27], [29, 30, 36, -1, -1, -1, 34, 28], [30, -1, -1, -1, -1, -1, 35, 29]]
A_PROFILE: 
('1', '8', '115', '2', '0.9', '0.7', '0.5', '0.3')
('2', '22', '90', '3', '1.0', '0.9', '0.8', '0')
B_PROFILE: 
(0, 3, 1, 0, 0, 0, 0)
(1, 6, 1, 0, 0, 0, 0)
(2, 30, 2, 0, 0, 0, 0)
(3, 33, 3, 0, 0, 0, 0)
D_PROFILE: 
(0, 11)
(1, 25)
A_ACTIVITY: 
(0, '8', 0, 10.0, 0, 0, 0, 0, 0, 0, 0)
(1, '22', 0, 10.0, 0, 0, 0, 0, 0, 0, 0)
B_ACTIVITY: 
(0, 3, 1, 0)
(1, 6, 1, 0)
(2, 30, 2, 0)
(3, 33, 3, 0)
D_ACTIVITY: 
(0, 11, 0)
(1, 25, 0)
Prob_to_be_ill: ['0.15', '0.60', '0.25']
Iteration: 1
CA_STATES: -1 -1 -1 -1 -1 -1 -1
-1 0 0 0 0 0 0
-1 0 0 0 3 0 3
-1 0 0 1 0 0 2
-1 0 2 0 0 1 0
-1 0 0 0 5 0 0
-1 0 0 0 0 0 4

CA_ACTIVE_ABS: [[-1, -1, -1, -1, -1, -1, -1], [-1, 1, 2, 3, 4, 5, 6], [-1, 7, 8, 9, 10, 11, 12], [-1, 13, 14, 15, 16, 17, 18], [-1, 19, 20, 21, 22, 23, 24], [-1, 25, 26, 27, 28, 29, 30], [-1, 31, 32, 33, 34, 35, 36]]
CELLS_NEIGHBOURS: [[-1, -1, 2, 8, 7, -1, -1, -1], [-1, -1, 3, 9, 8, 7, 1, -1], [-1, -1, 4, 10, 9, 8, 2, -1], [-1, -1, 5, 11, 10, 9, 3, -1], [-1, -1, 6, 12, 11, 10, 4, -1], [-1, -1, -1, -1, 12, 11, 5, -1], [1, 2, 8, 14, 13, -1, -1, -1], [2, 3, 9, 15, 14, 13, 7, 1], [3, 4, 10, 16, 15, 14, 8, 2], [4, 5, 11, 17, 16, 15, 9, 3], [5, 6, 12, 18, 17, 16, 10, 4], [6, -1, -1, -1, 18, 17, 11, 5], [7, 8, 14, 20, 19, -1, -1, -1], [8, 9, 15, 21, 20, 19, 13, 7], [9, 10, 16, 22, 21, 20, 14, 8], [10, 11, 17, 23, 22, 21, 15, 9], [11, 12, 18, 24, 23, 22, 16, 10], [12, -1, -1, -1, 24, 23, 17, 11], [13, 14, 20, 26, 25, -1, -1, -1], [14, 15, 21, 27, 26, 25, 19, 13], [15, 16, 22, 28, 27, 26, 20, 14], [16, 17, 23, 29, 28, 27, 21, 15], [17, 18, 24, 30, 29, 28, 22, 16], [18, -1, -1, -1, 30, 29, 23, 17], [19, 20, 26, 32, 31, -1, -1, -1], [20, 21, 27, 33, 32, 31, 25, 19], [21, 22, 28, 34, 33, 32, 26, 20], [22, 23, 29, 35, 34, 33, 27, 21], [23, 24, 30, 36, 35, 34, 28, 22], [24, -1, -1, -1, 36, 35, 29, 23], [25, 26, 32, -1, -1, -1, -1, -1], [26, 27, 33, -1, -1, -1, 31, 25], [27, 28, 34, -1, -1, -1, 32, 26], [28, 29, 35, -1, -1, -1, 33, 27], [29, 30, 36, -1, -1, -1, 34, 28], [30, -1, -1, -1, -1, -1, 35, 29]]
A_PROFILE: 
('1', '8', '115', '2', '0.9', '0.7', '0.5', '0.3')
('2', '22', '90', '3', '1.0', '0.9', '0.8', '0')
B_PROFILE: 
(0, 3, 1, 0, 0, 0, 0)
(1, 6, 1, 0, 0, 0, 0)
(2, 30, 2, 0, 0, 0, 0)
(3, 33, 3, 0, 0, 0, 0)
D_PROFILE: 
(0, 11)
(1, 25)
A_ACTIVITY: 
(0, 15, 0, 18.0, 1, 1, 1, 0, 0, 0, 0)
(1, 23, 0, 10.0, 0, 0, 0, 0, 0, 0, 0)
B_ACTIVITY: 
(0, 10, 1, 0)
(1, 12, 1, 0)
(2, 36, 2, 0)
(3, 28, 3, 0)
D_ACTIVITY: 
(0, 18, 0)
(1, 20, 0)
Prob_to_be_ill: ['0.15', '0.60', '0.25']
Iteration: 2
CA_STATES: -1 -1 -1 -1 -1 -1 -1
-1 0 0 0 0 0 0
-1 0 0 0 0 3 2
-1 0 0 1 0 3 0
-1 0 0 0 0 1 0
-1 0 0 2 0 0 0
-1 0 0 0 5 4 0

CA_ACTIVE_ABS: [[-1, -1, -1, -1, -1, -1, -1], [-1, 1, 2, 3, 4, 5, 6], [-1, 7, 8, 9, 10, 11, 12], [-1, 13, 14, 15, 16, 17, 18], [-1, 19, 20, 21, 22, 23, 24], [-1, 25, 26, 27, 28, 29, 30], [-1, 31, 32, 33, 34, 35, 36]]
CELLS_NEIGHBOURS: [[-1, -1, 2, 8, 7, -1, -1, -1], [-1, -1, 3, 9, 8, 7, 1, -1], [-1, -1, 4, 10, 9, 8, 2, -1], [-1, -1, 5, 11, 10, 9, 3, -1], [-1, -1, 6, 12, 11, 10, 4, -1], [-1, -1, -1, -1, 12, 11, 5, -1], [1, 2, 8, 14, 13, -1, -1, -1], [2, 3, 9, 15, 14, 13, 7, 1], [3, 4, 10, 16, 15, 14, 8, 2], [4, 5, 11, 17, 16, 15, 9, 3], [5, 6, 12, 18, 17, 16, 10, 4], [6, -1, -1, -1, 18, 17, 11, 5], [7, 8, 14, 20, 19, -1, -1, -1], [8, 9, 15, 21, 20, 19, 13, 7], [9, 10, 16, 22, 21, 20, 14, 8], [10, 11, 17, 23, 22, 21, 15, 9], [11, 12, 18, 24, 23, 22, 16, 10], [12, -1, -1, -1, 24, 23, 17, 11], [13, 14, 20, 26, 25, -1, -1, -1], [14, 15, 21, 27, 26, 25, 19, 13], [15, 16, 22, 28, 27, 26, 20, 14], [16, 17, 23, 29, 28, 27, 21, 15], [17, 18, 24, 30, 29, 28, 22, 16], [18, -1, -1, -1, 30, 29, 23, 17], [19, 20, 26, 32, 31, -1, -1, -1], [20, 21, 27, 33, 32, 31, 25, 19], [21, 22, 28, 34, 33, 32, 26, 20], [22, 23, 29, 35, 34, 33, 27, 21], [23, 24, 30, 36, 35, 34, 28, 22], [24, -1, -1, -1, 36, 35, 29, 23], [25, 26, 32, -1, -1, -1, -1, -1], [26, 27, 33, -1, -1, -1, 31, 25], [27, 28, 34, -1, -1, -1, 32, 26], [28, 29, 35, -1, -1, -1, 33, 27], [29, 30, 36, -1, -1, -1, 34, 28], [30, -1, -1, -1, -1, -1, 35, 29]]
A_PROFILE: 
('1', '8', '115', '2', '0.9', '0.7', '0.5', '0.3')
('2', '22', '90', '3', '1.0', '0.9', '0.8', '0')
B_PROFILE: 
(0, 3, 1, 0, 0, 0, 0)
(1, 6, 1, 0, 0, 0, 0)
(2, 30, 2, 0, 0, 0, 0)
(3, 33, 3, 0, 0, 0, 0)
D_PROFILE: 
(0, 11)
(1, 25)
A_ACTIVITY: 
(0, 15, 0, 16.2, 0, 0, 0, 4, 0, 0, 1)
(1, 23, 0, 9.0, 0, 0, 0, 4, 0, 0, 1)
B_ACTIVITY: 
(0, 11, 1, 0)
(1, 17, 1, 0)
(2, 35, 2, 0)
(3, 34, 3, 0)
D_ACTIVITY: 
(0, 12, 0)
(1, 27, 0)
Prob_to_be_ill: ['0.15', '0.60', '0.25']
Iteration: 3
CA_STATES: -1 -1 -1 -1 -1 -1 -1
-1 0 0 0 0 0 0
-1 0 0 0 0 0 0
-1 0 0 1 0 2 3
-1 0 0 0 0 1 3
-1 0 0 0 2 5 4
-1 0 0 0 0 0 0

CA_ACTIVE_ABS: [[-1, -1, -1, -1, -1, -1, -1], [-1, 1, 2, 3, 4, 5, 6], [-1, 7, 8, 9, 10, 11, 12], [-1, 13, 14, 15, 16, 17, 18], [-1, 19, 20, 21, 22, 23, 24], [-1, 25, 26, 27, 28, 29, 30], [-1, 31, 32, 33, 34, 35, 36]]
CELLS_NEIGHBOURS: [[-1, -1, 2, 8, 7, -1, -1, -1], [-1, -1, 3, 9, 8, 7, 1, -1], [-1, -1, 4, 10, 9, 8, 2, -1], [-1, -1, 5, 11, 10, 9, 3, -1], [-1, -1, 6, 12, 11, 10, 4, -1], [-1, -1, -1, -1, 12, 11, 5, -1], [1, 2, 8, 14, 13, -1, -1, -1], [2, 3, 9, 15, 14, 13, 7, 1], [3, 4, 10, 16, 15, 14, 8, 2], [4, 5, 11, 17, 16, 15, 9, 3], [5, 6, 12, 18, 17, 16, 10, 4], [6, -1, -1, -1, 18, 17, 11, 5], [7, 8, 14, 20, 19, -1, -1, -1], [8, 9, 15, 21, 20, 19, 13, 7], [9, 10, 16, 22, 21, 20, 14, 8], [10, 11, 17, 23, 22, 21, 15, 9], [11, 12, 18, 24, 23, 22, 16, 10], [12, -1, -1, -1, 24, 23, 17, 11], [13, 14, 20, 26, 25, -1, -1, -1], [14, 15, 21, 27, 26, 25, 19, 13], [15, 16, 22, 28, 27, 26, 20, 14], [16, 17, 23, 29, 28, 27, 21, 15], [17, 18, 24, 30, 29, 28, 22, 16], [18, -1, -1, -1, 30, 29, 23, 17], [19, 20, 26, 32, 31, -1, -1, -1], [20, 21, 27, 33, 32, 31, 25, 19], [21, 22, 28, 34, 33, 32, 26, 20], [22, 23, 29, 35, 34, 33, 27, 21], [23, 24, 30, 36, 35, 34, 28, 22], [24, -1, -1, -1, 36, 35, 29, 23], [25, 26, 32, -1, -1, -1, -1, -1], [26, 27, 33, -1, -1, -1, 31, 25], [27, 28, 34, -1, -1, -1, 32, 26], [28, 29, 35, -1, -1, -1, 33, 27], [29, 30, 36, -1, -1, -1, 34, 28], [30, -1, -1, -1, -1, -1, 35, 29]]
A_PROFILE: 
('1', '8', '115', '2', '0.9', '0.7', '0.5', '0.3')
('2', '22', '90', '3', '1.0', '0.9', '0.8', '0')
B_PROFILE: 
(0, 3, 1, 0, 0, 0, 0)
(1, 6, 1, 0, 0, 0, 0)
(2, 30, 2, 0, 0, 0, 0)
(3, 33, 3, 0, 0, 0, 0)
D_PROFILE: 
(0, 11)
(1, 25)
A_ACTIVITY: 
(0, 15, 0, 16.2, 0, 0, 0, 4, 0, 0, 0)
(1, 23, 0, 9.0, 0, 0, 0, 4, 0, 0, 0)
B_ACTIVITY: 
(0, 18, 1, 0)
(1, 24, 1, 0)
(2, 30, 2, 0)
(3, 29, 3, 0)
D_ACTIVITY: 
(0, 17, 0)
(1, 28, 0)
Prob_to_be_ill: ['0.15', '0.60', '0.25']
Iteration: 4
CA_STATES: -1 -1 -1 -1 -1 -1 -1
-1 0 0 0 0 0 0
-1 0 0 0 0 0 2
-1 0 0 0 1 0 3
-1 0 0 0 1 3 0
-1 0 0 0 0 0 5
-1 0 0 0 2 0 4

CA_ACTIVE_ABS: [[-1, -1, -1, -1, -1, -1, -1], [-1, 1, 2, 3, 4, 5, 6], [-1, 7, 8, 9, 10, 11, 12], [-1, 13, 14, 15, 16, 17, 18], [-1, 19, 20, 21, 22, 23, 24], [-1, 25, 26, 27, 28, 29, 30], [-1, 31, 32, 33, 34, 35, 36]]
CELLS_NEIGHBOURS: [[-1, -1, 2, 8, 7, -1, -1, -1], [-1, -1, 3, 9, 8, 7, 1, -1], [-1, -1, 4, 10, 9, 8, 2, -1], [-1, -1, 5, 11, 10, 9, 3, -1], [-1, -1, 6, 12, 11, 10, 4, -1], [-1, -1, -1, -1, 12, 11, 5, -1], [1, 2, 8, 14, 13, -1, -1, -1], [2, 3, 9, 15, 14, 13, 7, 1], [3, 4, 10, 16, 15, 14, 8, 2], [4, 5, 11, 17, 16, 15, 9, 3], [5, 6, 12, 18, 17, 16, 10, 4], [6, -1, -1, -1, 18, 17, 11, 5], [7, 8, 14, 20, 19, -1, -1, -1], [8, 9, 15, 21, 20, 19, 13, 7], [9, 10, 16, 22, 21, 20, 14, 8], [10, 11, 17, 23, 22, 21, 15, 9], [11, 12, 18, 24, 23, 22, 16, 10], [12, -1, -1, -1, 24, 23, 17, 11], [13, 14, 20, 26, 25, -1, -1, -1], [14, 15, 21, 27, 26, 25, 19, 13], [15, 16, 22, 28, 27, 26, 20, 14], [16, 17, 23, 29, 28, 27, 21, 15], [17, 18, 24, 30, 29, 28, 22, 16], [18, -1, -1, -1, 30, 29, 23, 17], [19, 20, 26, 32, 31, -1, -1, -1], [20, 21, 27, 33, 32, 31, 25, 19], [21, 22, 28, 34, 33, 32, 26, 20], [22, 23, 29, 35, 34, 33, 27, 21], [23, 24, 30, 36, 35, 34, 28, 22], [24, -1, -1, -1, 36, 35, 29, 23], [25, 26, 32, -1, -1, -1, -1, -1], [26, 27, 33, -1, -1, -1, 31, 25], [27, 28, 34, -1, -1, -1, 32, 26], [28, 29, 35, -1, -1, -1, 33, 27], [29, 30, 36, -1, -1, -1, 34, 28], [30, -1, -1, -1, -1, -1, 35, 29]]
A_PROFILE: 
('1', '8', '115', '2', '0.9', '0.7', '0.5', '0.3')
('2', '22', '90', '3', '1.0', '0.9', '0.8', '0')
B_PROFILE: 
(0, 3, 1, 0, 0, 0, 0)
(1, 6, 1, 0, 0, 0, 0)
(2, 30, 2, 0, 0, 0, 0)
(3, 33, 3, 0, 0, 0, 0)
D_PROFILE: 
(0, 11)
(1, 25)
A_ACTIVITY: 
(0, 16, 0, 16.2, 0, 0, 0, 4, 0, 0, 0)
(1, 22, 0, 7.2, 0, 0, 0, 1, 0, 0, 0)
B_ACTIVITY: 
(0, 23, 1, 0)
(1, 18, 1, 0)
(2, 36, 2, 0)
(3, 30, 3, 0)
D_ACTIVITY: 
(0, 12, 0)
(1, 34, 0)
Prob_to_be_ill: ['0.15', '0.60', '0.25']
