0.724462 
0.370278 
0.130828 
0.265759 
0.317789 
0.584739 
0.768098 
0.351713 
0.273011 
0.586311 
0.373319 
0.338627 
0.076170 
0.341468 
0.422418 
0.000170 
0.223304 
0.057664 
0.640825 
0.675148 
0.213598 
0.038631 
0.407670 
0.247206 
0.166139 
0.807100 
0.852000 
0.519551 
0.790588 
0.459064 
0.511417 
0.903067 
0.706059 
0.534386 
0.082401 
0.488563 
0.096707 
0.026508 
0.046899 
0.170339 
0.612028 
0.288939 
0.232433 
0.142637 
0.500270 
0.000599 
0.945283 
0.720446 
0.885607 
0.421517 
